50 jobs: 
mean_drmsd: 5.281462374318758
mean_gdt_ts: 0.4599854076166105
mean_gdt_ha: 0.3176580560491378
